Mat Res in Test 1 is: 

17868.0,-9569.0,12897.0,20621.0
0.0,0.0,0.0,0.0
0.0,0.0,0.0,0.0
0.0,0.0,0.0,0.0
----------------------------------------------------------------------------------------------------
Mat Res in Test 2 is: 

-60.0,0.0,0.0,0.0
0.0,0.0,0.0,0.0
0.0,0.0,0.0,0.0
0.0,0.0,0.0,0.0
----------------------------------------------------------------------------------------------------
Mat Res in Test 3 is: 

7439.0,0.0,0.0,0.0
5895.0,0.0,0.0,0.0
9626.0,0.0,0.0,0.0
0.0,0.0,0.0,0.0
----------------------------------------------------------------------------------------------------
Mat Res in Test 4 is: 

10205.0,-2790.0,-8988.0,3228.0
5895.0,0.0,0.0,0.0
9626.0,0.0,0.0,0.0
0.0,0.0,0.0,0.0
----------------------------------------------------------------------------------------------------
Mat Res in Test 5 is: 

-8466.0,-5146.0,5893.0,0.0
0.0,0.0,0.0,0.0
0.0,0.0,0.0,0.0
0.0,0.0,0.0,0.0
----------------------------------------------------------------------------------------------------
Mat Res in Test 6 is: 

16986.0,2384.0,-17451.0,3228.0
1256.0,-13674.0,14593.0,0.0
16957.0,-4898.0,1491.0,0.0
0.0,0.0,0.0,0.0
----------------------------------------------------------------------------------------------------
Mat Res in Test 7 is: 

3021.0,1154.0,-4018.0,10403.0
5895.0,0.0,0.0,0.0
9626.0,0.0,0.0,0.0
0.0,0.0,0.0,0.0
----------------------------------------------------------------------------------------------------
Mat Res in Test 8 is: 

20412.0,3796.0,-5067.0,3228.0
-3436.0,-7866.0,-5528.0,0.0
14855.0,6415.0,9774.0,0.0
-30548.0,-175.0,-9851.0,0.0
----------------------------------------------------------------------------------------------------
Mat Res in Test 9 is: 

-6432.0,5519.0,6544.0,0.0
4239.0,11060.0,15220.0,0.0
7498.0,195.0,1160.0,0.0
0.0,0.0,0.0,0.0
----------------------------------------------------------------------------------------------------
Mat Res in Test 10 is: 

-2720.0,0.0,0.0,0.0
1700.0,0.0,0.0,0.0
-1530.0,0.0,0.0,0.0
-3944.0,0.0,0.0,0.0
----------------------------------------------------------------------------------------------------
Mat Res in Test 11 is: 

-4700.0,-5995.0,0.0,0.0
1162.0,2679.0,0.0,0.0
-1530.0,0.0,0.0,0.0
-3944.0,0.0,0.0,0.0
----------------------------------------------------------------------------------------------------
Mat Res in Test 12 is: 

-11941.0,4932.0,7768.0,26161.0
-408.0,-1491.0,-3954.0,-11532.0
10802.0,-2544.0,-7428.0,-14484.0
0.0,0.0,0.0,0.0
----------------------------------------------------------------------------------------------------
Mat Res in Test 13 is: 

-3255.0,3534.0,2635.0,0.0
-105.0,114.0,85.0,0.0
-10185.0,11058.0,8245.0,0.0
0.0,0.0,0.0,0.0
----------------------------------------------------------------------------------------------------
Mat Res in Test 14 is: 

-12208.0,0.0,0.0,0.0
11312.0,0.0,0.0,0.0
13216.0,0.0,0.0,0.0
0.0,0.0,0.0,0.0
----------------------------------------------------------------------------------------------------
Mat Res in Test 15 is: 

10309.0,-5713.0,18953.0,0.0
5128.0,19070.0,6231.0,0.0
7982.0,4560.0,-2364.0,0.0
0.0,0.0,0.0,0.0
----------------------------------------------------------------------------------------------------
Mat Res in Test 16 is: 

2684.0,5592.0,-5378.0,2024.0
472.0,384.0,-12654.0,6332.0
0.0,0.0,0.0,0.0
0.0,0.0,0.0,0.0
----------------------------------------------------------------------------------------------------
Mat Res in Test 17 is: 

25287.0,-15034.0,-9402.0,-7511.0
0.0,0.0,0.0,0.0
0.0,0.0,0.0,0.0
0.0,0.0,0.0,0.0
----------------------------------------------------------------------------------------------------
Mat Res in Test 18 is: 

21165.0,-20181.0,-9402.0,-7511.0
6836.0,176.0,0.0,0.0
0.0,0.0,0.0,0.0
0.0,0.0,0.0,0.0
----------------------------------------------------------------------------------------------------
Mat Res in Test 19 is: 

8772.0,18553.0,10217.0,7722.0
8867.0,6612.0,1997.0,-25069.0
10802.0,-2544.0,-7428.0,-14484.0
0.0,0.0,0.0,0.0
----------------------------------------------------------------------------------------------------
Mat Res in Test 20 is: 

13119.0,-20181.0,-9402.0,-7511.0
6836.0,176.0,0.0,0.0
0.0,0.0,0.0,0.0
0.0,0.0,0.0,0.0
----------------------------------------------------------------------------------------------------
Mat Res in Test 21 is: 

5632.0,7570.0,11515.0,0.0
1382.0,-2578.0,-6537.0,0.0
11915.0,5207.0,1411.0,0.0
-935.0,905.0,-2782.0,0.0
----------------------------------------------------------------------------------------------------
Mat Res in Test 22 is: 

315.0,-2300.0,0.0,0.0
-3760.0,9536.0,0.0,0.0
0.0,0.0,0.0,0.0
0.0,0.0,0.0,0.0
----------------------------------------------------------------------------------------------------
Mat Res in Test 23 is: 

1630.0,5592.0,-5378.0,2024.0
3634.0,384.0,-12654.0,6332.0
-2759.0,0.0,0.0,0.0
0.0,0.0,0.0,0.0
----------------------------------------------------------------------------------------------------
Mat Res in Test 24 is: 

3261.0,4617.0,-5620.0,2024.0
3634.0,384.0,-12654.0,6332.0
-2759.0,0.0,0.0,0.0
0.0,0.0,0.0,0.0
----------------------------------------------------------------------------------------------------
Mat Res in Test 25 is: 

4732.0,7570.0,11515.0,0.0
1832.0,-2578.0,-6537.0,0.0
7490.0,5207.0,1411.0,0.0
-935.0,905.0,-2782.0,0.0
----------------------------------------------------------------------------------------------------
Mat Res in Test 26 is: 

-3822.0,-5278.0,0.0,0.0
-9912.0,11494.0,0.0,0.0
-5460.0,-9398.0,0.0,0.0
3150.0,-21388.0,0.0,0.0
----------------------------------------------------------------------------------------------------
Mat Res in Test 27 is: 

8196.0,0.0,0.0,0.0
0.0,0.0,0.0,0.0
0.0,0.0,0.0,0.0
0.0,0.0,0.0,0.0
----------------------------------------------------------------------------------------------------
Mat Res in Test 28 is: 

-5184.0,5220.0,-2352.0,0.0
-11816.0,5210.0,3128.0,0.0
0.0,0.0,0.0,0.0
0.0,0.0,0.0,0.0
----------------------------------------------------------------------------------------------------
Mat Res in Test 29 is: 

7446.0,7947.0,-2830.0,2024.0
-6410.0,-7608.0,-19350.0,6332.0
5797.0,6808.0,5704.0,0.0
0.0,0.0,0.0,0.0
----------------------------------------------------------------------------------------------------
Mat Res in Test 30 is: 

4439.0,10035.0,11515.0,0.0
11186.0,11828.0,-6537.0,0.0
7254.0,-5531.0,1411.0,0.0
-6153.0,-7440.0,-2782.0,0.0
----------------------------------------------------------------------------------------------------
Mat Res in Test 31 is: 

8625.0,-8016.0,0.0,0.0
-2200.0,-486.0,0.0,0.0
0.0,0.0,0.0,0.0
0.0,0.0,0.0,0.0
----------------------------------------------------------------------------------------------------
Mat Res in Test 32 is: 

20335.0,-8266.0,-4100.0,9820.0
-14320.0,-2771.0,-1756.0,749.0
0.0,0.0,0.0,0.0
0.0,0.0,0.0,0.0
----------------------------------------------------------------------------------------------------
Mat Res in Test 33 is: 

-4888.0,0.0,0.0,0.0
-6932.0,0.0,0.0,0.0
-3411.0,0.0,0.0,0.0
0.0,0.0,0.0,0.0
----------------------------------------------------------------------------------------------------
Mat Res in Test 34 is: 

6354.0,0.0,0.0,0.0
-15966.0,0.0,0.0,0.0
7884.0,0.0,0.0,0.0
-6300.0,0.0,0.0,0.0
----------------------------------------------------------------------------------------------------
Mat Res in Test 35 is: 

-9506.0,3775.0,2111.0,0.0
-11852.0,-523.0,-4382.0,0.0
-3411.0,0.0,0.0,0.0
0.0,0.0,0.0,0.0
----------------------------------------------------------------------------------------------------
Mat Res in Test 36 is: 

22881.0,-8266.0,-4100.0,9820.0
-13650.0,-2771.0,-1756.0,749.0
7437.0,0.0,0.0,0.0
0.0,0.0,0.0,0.0
----------------------------------------------------------------------------------------------------
Mat Res in Test 37 is: 

5857.0,14277.0,8932.0,-8500.0
-4179.0,-11889.0,-7734.0,6600.0
0.0,0.0,0.0,0.0
0.0,0.0,0.0,0.0
----------------------------------------------------------------------------------------------------
Mat Res in Test 38 is: 

23049.0,-7086.0,-4100.0,9820.0
-11606.0,-1591.0,-1756.0,749.0
-184.0,-80.0,0.0,0.0
0.0,0.0,0.0,0.0
----------------------------------------------------------------------------------------------------
Mat Res in Test 39 is: 

-1563.0,-771.0,-7404.0,-1086.0
-1572.0,126.0,-10383.0,-1176.0
-3379.0,-4743.0,-5986.0,-2062.0
0.0,0.0,0.0,0.0
----------------------------------------------------------------------------------------------------
Mat Res in Test 40 is: 

-7380.0,-7134.0,12546.0,0.0
2100.0,2030.0,-3570.0,0.0
-7500.0,-7250.0,12750.0,0.0
0.0,0.0,0.0,0.0
----------------------------------------------------------------------------------------------------
Mat Res in Test 41 is: 

19080.0,1176.0,-4100.0,9820.0
-11606.0,-1591.0,-1756.0,749.0
-184.0,-80.0,0.0,0.0
0.0,0.0,0.0,0.0
----------------------------------------------------------------------------------------------------
Mat Res in Test 42 is: 

-2990.0,-1650.0,3872.0,-4762.0
-650.0,-582.0,800.0,-2638.0
8980.0,3912.0,-11824.0,6812.0
0.0,0.0,0.0,0.0
----------------------------------------------------------------------------------------------------
Mat Res in Test 43 is: 

3125.0,-10695.0,0.0,0.0
-10250.0,23942.0,0.0,0.0
-7703.0,16241.0,0.0,0.0
0.0,0.0,0.0,0.0
----------------------------------------------------------------------------------------------------
Mat Res in Test 44 is: 

3692.0,226.0,-4890.0,0.0
10451.0,12753.0,4875.0,0.0
-16905.0,-15095.0,3236.0,0.0
0.0,0.0,0.0,0.0
----------------------------------------------------------------------------------------------------
Mat Res in Test 45 is: 

9013.0,-8266.0,-4100.0,9820.0
-2118.0,-2771.0,-1756.0,749.0
0.0,0.0,0.0,0.0
0.0,0.0,0.0,0.0
----------------------------------------------------------------------------------------------------
Mat Res in Test 46 is: 

9607.0,-3292.0,6295.0,0.0
-8709.0,-4506.0,-17345.0,0.0
-8910.0,-2805.0,7590.0,0.0
-8757.0,23013.0,9771.0,0.0
----------------------------------------------------------------------------------------------------
Mat Res in Test 47 is: 

9739.0,0.0,0.0,0.0
5879.0,0.0,0.0,0.0
0.0,0.0,0.0,0.0
0.0,0.0,0.0,0.0
----------------------------------------------------------------------------------------------------
Mat Res in Test 48 is: 

3678.0,318.0,-7972.0,0.0
-8912.0,3956.0,8628.0,0.0
0.0,0.0,0.0,0.0
0.0,0.0,0.0,0.0
----------------------------------------------------------------------------------------------------
Mat Res in Test 49 is: 

-5439.0,246.0,-6216.0,1305.0
-11529.0,-15725.0,-3228.0,11685.0
-11083.0,-8303.0,1042.0,8577.0
0.0,0.0,0.0,0.0
----------------------------------------------------------------------------------------------------
Mat Res in Test 50 is: 

7742.0,-10695.0,0.0,0.0
-10250.0,23942.0,0.0,0.0
-7703.0,16241.0,0.0,0.0
0.0,0.0,0.0,0.0
----------------------------------------------------------------------------------------------------
Mat Res in Test 51 is: 

1964.0,1289.0,0.0,0.0
-6254.0,15654.0,0.0,0.0
-7703.0,16241.0,0.0,0.0
0.0,0.0,0.0,0.0
----------------------------------------------------------------------------------------------------
Mat Res in Test 52 is: 

17647.0,-3292.0,6295.0,0.0
-8709.0,-4506.0,-17345.0,0.0
-6431.0,-2805.0,7590.0,0.0
-8757.0,23013.0,9771.0,0.0
----------------------------------------------------------------------------------------------------
Mat Res in Test 53 is: 

14817.0,0.0,0.0,0.0
2756.0,0.0,0.0,0.0
-6747.0,0.0,0.0,0.0
0.0,0.0,0.0,0.0
----------------------------------------------------------------------------------------------------
Mat Res in Test 54 is: 

12050.0,17197.0,5976.0,0.0
-6254.0,15654.0,0.0,0.0
-7703.0,16241.0,0.0,0.0
0.0,0.0,0.0,0.0
----------------------------------------------------------------------------------------------------
Mat Res in Test 55 is: 

-14367.0,0.0,0.0,0.0
-7543.0,0.0,0.0,0.0
0.0,0.0,0.0,0.0
0.0,0.0,0.0,0.0
----------------------------------------------------------------------------------------------------
Mat Res in Test 56 is: 

-17534.0,-11510.0,-25370.0,-24226.0
7477.0,320.0,-1372.0,-2984.0
10417.0,3680.0,6803.0,5442.0
0.0,0.0,0.0,0.0
----------------------------------------------------------------------------------------------------
Mat Res in Test 57 is: 

12276.0,-13644.0,-12682.0,0.0
-5690.0,13399.0,11621.0,0.0
-10446.0,-2559.0,-1807.0,0.0
-6756.0,930.0,-256.0,0.0
----------------------------------------------------------------------------------------------------
Mat Res in Test 58 is: 

13063.0,-1926.0,0.0,0.0
2756.0,0.0,0.0,0.0
-6747.0,0.0,0.0,0.0
0.0,0.0,0.0,0.0
----------------------------------------------------------------------------------------------------
Mat Res in Test 59 is: 

40.0,146.0,82.0,-30.0
2200.0,8030.0,4510.0,-1650.0
0.0,0.0,0.0,0.0
0.0,0.0,0.0,0.0
----------------------------------------------------------------------------------------------------
Mat Res in Test 60 is: 

-22454.0,-10461.0,0.0,0.0
792.0,12605.0,0.0,0.0
0.0,0.0,0.0,0.0
0.0,0.0,0.0,0.0
----------------------------------------------------------------------------------------------------
Mat Res in Test 61 is: 

11526.0,11752.0,0.0,0.0
-12240.0,-12480.0,0.0,0.0
-7650.0,-7800.0,0.0,0.0
-10608.0,-10816.0,0.0,0.0
----------------------------------------------------------------------------------------------------
Mat Res in Test 62 is: 

9784.0,-5732.0,8628.0,-16435.0
0.0,0.0,0.0,0.0
0.0,0.0,0.0,0.0
0.0,0.0,0.0,0.0
----------------------------------------------------------------------------------------------------
Mat Res in Test 63 is: 

10744.0,7423.0,2698.0,0.0
-12240.0,-12480.0,0.0,0.0
-7650.0,-7800.0,0.0,0.0
-10608.0,-10816.0,0.0,0.0
----------------------------------------------------------------------------------------------------
Mat Res in Test 64 is: 

-11110.0,7927.0,11668.0,0.0
-14854.0,-11393.0,-13654.0,0.0
0.0,0.0,0.0,0.0
0.0,0.0,0.0,0.0
----------------------------------------------------------------------------------------------------
Mat Res in Test 65 is: 

7934.0,0.0,0.0,0.0
4004.0,0.0,0.0,0.0
-1612.0,0.0,0.0,0.0
-8225.0,0.0,0.0,0.0
----------------------------------------------------------------------------------------------------
Mat Res in Test 66 is: 

-1824.0,-9052.0,4625.0,9580.0
2016.0,8162.0,-1834.0,-5936.0
-848.0,-2525.0,-844.0,204.0
0.0,0.0,0.0,0.0
----------------------------------------------------------------------------------------------------
Mat Res in Test 67 is: 

7001.0,8508.0,2698.0,0.0
-3970.0,-14670.0,0.0,0.0
-7650.0,-7800.0,0.0,0.0
-10608.0,-10816.0,0.0,0.0
----------------------------------------------------------------------------------------------------
Mat Res in Test 68 is: 

-10976.0,-1396.0,0.0,0.0
0.0,0.0,0.0,0.0
0.0,0.0,0.0,0.0
0.0,0.0,0.0,0.0
----------------------------------------------------------------------------------------------------
Mat Res in Test 69 is: 

6441.0,7728.0,2698.0,0.0
-2346.0,-12408.0,0.0,0.0
-6642.0,-6396.0,0.0,0.0
-10496.0,-10660.0,0.0,0.0
----------------------------------------------------------------------------------------------------
Mat Res in Test 70 is: 

22318.0,9255.0,2698.0,0.0
2674.0,-11069.0,0.0,0.0
-22106.0,14195.0,0.0,0.0
-5862.0,10358.0,0.0,0.0
----------------------------------------------------------------------------------------------------
Mat Res in Test 71 is: 

13010.0,15164.0,2698.0,0.0
-12240.0,-12480.0,0.0,0.0
-7650.0,-7800.0,0.0,0.0
-10608.0,-10816.0,0.0,0.0
----------------------------------------------------------------------------------------------------
Mat Res in Test 72 is: 

-9378.0,14439.0,3365.0,0.0
-16544.0,-9026.0,-14984.0,0.0
-592.0,-4838.0,5663.0,0.0
0.0,0.0,0.0,0.0
----------------------------------------------------------------------------------------------------
Mat Res in Test 73 is: 

17926.0,7423.0,2698.0,0.0
-12240.0,-12480.0,0.0,0.0
-15972.0,-7800.0,0.0,0.0
-10608.0,-10816.0,0.0,0.0
----------------------------------------------------------------------------------------------------
Mat Res in Test 74 is: 

5389.0,-1795.0,11668.0,0.0
-14736.0,-10581.0,-13654.0,0.0
-7785.0,3534.0,0.0,0.0
-2634.0,2988.0,0.0,0.0
----------------------------------------------------------------------------------------------------
Mat Res in Test 75 is: 

-9215.0,970.0,-4753.0,0.0
0.0,0.0,0.0,0.0
0.0,0.0,0.0,0.0
0.0,0.0,0.0,0.0
----------------------------------------------------------------------------------------------------
Mat Res in Test 76 is: 

8116.0,-970.0,2698.0,0.0
-1800.0,-3548.0,0.0,0.0
-8142.0,-1101.0,0.0,0.0
-17268.0,-16514.0,0.0,0.0
----------------------------------------------------------------------------------------------------
Mat Res in Test 77 is: 

-5743.0,15559.0,-13994.0,0.0
-6500.0,4502.0,-2434.0,0.0
9052.0,6626.0,1804.0,0.0
0.0,0.0,0.0,0.0
----------------------------------------------------------------------------------------------------
Mat Res in Test 78 is: 

9937.0,2513.0,6727.0,3864.0
-4154.0,166.0,-4658.0,-7024.0
-8142.0,-1101.0,0.0,0.0
-17268.0,-16514.0,0.0,0.0
----------------------------------------------------------------------------------------------------
Mat Res in Test 79 is: 

10868.0,6907.0,8560.0,3864.0
926.0,2366.0,-10466.0,-7024.0
-7469.0,2661.0,1767.0,0.0
-18397.0,-21255.0,630.0,0.0
----------------------------------------------------------------------------------------------------
Mat Res in Test 80 is: 

-1551.0,-1551.0,5170.0,0.0
495.0,495.0,-1650.0,0.0
0.0,0.0,0.0,0.0
0.0,0.0,0.0,0.0
----------------------------------------------------------------------------------------------------
Mat Res in Test 81 is: 

-6160.0,0.0,0.0,0.0
-5936.0,0.0,0.0,0.0
0.0,0.0,0.0,0.0
0.0,0.0,0.0,0.0
----------------------------------------------------------------------------------------------------
Mat Res in Test 82 is: 

-11107.0,-1551.0,5170.0,0.0
-4256.0,495.0,-1650.0,0.0
0.0,0.0,0.0,0.0
0.0,0.0,0.0,0.0
----------------------------------------------------------------------------------------------------
Mat Res in Test 83 is: 

-10420.0,0.0,0.0,0.0
2858.0,0.0,0.0,0.0
0.0,0.0,0.0,0.0
0.0,0.0,0.0,0.0
----------------------------------------------------------------------------------------------------
Mat Res in Test 84 is: 

-14329.0,-1734.0,5170.0,0.0
-2348.0,8637.0,-1650.0,0.0
1368.0,9717.0,0.0,0.0
2250.0,-5325.0,0.0,0.0
----------------------------------------------------------------------------------------------------
Mat Res in Test 85 is: 

-5655.0,-3705.0,1885.0,-7345.0
0.0,0.0,0.0,0.0
0.0,0.0,0.0,0.0
0.0,0.0,0.0,0.0
----------------------------------------------------------------------------------------------------
Mat Res in Test 86 is: 

-19915.0,0.0,0.0,0.0
15709.0,0.0,0.0,0.0
0.0,0.0,0.0,0.0
0.0,0.0,0.0,0.0
----------------------------------------------------------------------------------------------------
Mat Res in Test 87 is: 

-17519.0,-14611.0,-5435.0,0.0
-2407.0,679.0,8196.0,0.0
24840.0,22110.0,-4693.0,0.0
0.0,0.0,0.0,0.0
----------------------------------------------------------------------------------------------------
Mat Res in Test 88 is: 

15118.0,15434.0,-2730.0,-3262.0
8421.0,4053.0,-13587.0,-8475.0
3898.0,2834.0,14460.0,8078.0
366.0,-16389.0,-2903.0,-381.0
----------------------------------------------------------------------------------------------------
Mat Res in Test 89 is: 

18604.0,16048.0,5384.0,-3262.0
8421.0,4053.0,-13587.0,-8475.0
3898.0,2834.0,14460.0,8078.0
366.0,-16389.0,-2903.0,-381.0
----------------------------------------------------------------------------------------------------
Mat Res in Test 90 is: 

-4875.0,0.0,0.0,0.0
0.0,0.0,0.0,0.0
0.0,0.0,0.0,0.0
0.0,0.0,0.0,0.0
----------------------------------------------------------------------------------------------------
Mat Res in Test 91 is: 

-9267.0,0.0,0.0,0.0
4819.0,0.0,0.0,0.0
0.0,0.0,0.0,0.0
0.0,0.0,0.0,0.0
----------------------------------------------------------------------------------------------------
Mat Res in Test 92 is: 

-13301.0,-5919.0,1013.0,9990.0
-2655.0,-5236.0,6614.0,-3647.0
24840.0,22110.0,-4693.0,0.0
0.0,0.0,0.0,0.0
----------------------------------------------------------------------------------------------------
Mat Res in Test 93 is: 

-2021.0,-15006.0,-2995.0,-8039.0
-3420.0,-13055.0,-3155.0,2926.0
-13092.0,8732.0,-1573.0,-2204.0
-27625.0,-29494.0,-16672.0,-10732.0
----------------------------------------------------------------------------------------------------
Mat Res in Test 94 is: 

10190.0,298.0,-7707.0,12524.0
-7698.0,-1238.0,891.0,-8325.0
-5588.0,-1628.0,-2904.0,-5225.0
0.0,0.0,0.0,0.0
----------------------------------------------------------------------------------------------------
Mat Res in Test 95 is: 

18567.0,12993.0,-23029.0,12524.0
-5212.0,-6844.0,1083.0,-8325.0
-5588.0,-1628.0,-2904.0,-5225.0
0.0,0.0,0.0,0.0
----------------------------------------------------------------------------------------------------
Mat Res in Test 96 is: 

-4327.0,14286.0,-3320.0,0.0
-2487.0,-31732.0,20925.0,0.0
0.0,0.0,0.0,0.0
0.0,0.0,0.0,0.0
----------------------------------------------------------------------------------------------------
Mat Res in Test 97 is: 

-23569.0,-14611.0,-5435.0,0.0
-2497.0,679.0,8196.0,0.0
21070.0,22110.0,-4693.0,0.0
785.0,0.0,0.0,0.0
----------------------------------------------------------------------------------------------------
Mat Res in Test 98 is: 

21804.0,23983.0,0.0,0.0
-3449.0,-13307.0,0.0,0.0
16497.0,2749.0,0.0,0.0
0.0,0.0,0.0,0.0
----------------------------------------------------------------------------------------------------
Mat Res in Test 99 is: 

9138.0,-145.0,-21463.0,1793.0
-10491.0,-4004.0,8575.0,-15109.0
-5588.0,-1628.0,-2904.0,-5225.0
0.0,0.0,0.0,0.0
----------------------------------------------------------------------------------------------------
Mat Res in Test 100 is: 

2475.0,0.0,0.0,0.0
-8775.0,0.0,0.0,0.0
7050.0,0.0,0.0,0.0
0.0,0.0,0.0,0.0
----------------------------------------------------------------------------------------------------
